4294967278,8
4294967278,7
4294967278,6
4294967278,5
4294967278,4
4294967279,132
4294967279,131
4294967278,27
4294967278,26
4294967278,25
4294967278,24
4294967278,23
4294967278,22
4294967278,21
4294967278,20
4294967278,19
4294967278,18
4294967278,17
4294967278,16
4294967278,15
4294967278,14
4294967278,13
4294967278,12
4294967278,11
4294967278,10
4294967278,9
4294967278,316
4294967279,573
4294967279,525
4294967279,187
4294967279,185
4294967279,184
4294967279,183
4294967279,182
4294967279,181
4294967278,179
4294967279,179
4294967279,178
4294967278,176
4294967279,176
4294967278,314
4294967279,523
4294967278,173
4294967279,173
4294967278,303
4294967278,62
4294967278,61
4294967278,60
4294967278,59
4294967278,58
4294967278,56
4294967278,53
4294967278,51
4294967278,50
4294967278,49
4294967278,48
4294967278,47
4294967278,329
4294967278,355
4294967278,45
4294967278,294
4294967278,44
4294967278,310
4294967278,43
4294967278,42
4294967278,328
4294967278,41
4294967278,40
4294967278,39
4294967278,38
4294967278,37
4294967278,326
4294967278,36
4294967278,35
4294967278,34
4294967278,33
4294967278,32
4294967278,331
4294967278,31
4294967278,30
4294967278,29
4294967278,28
4294967279,83
4294967279,82
4294967279,79
4294967279,78
4294967279,77
4294967279,76
4294967279,75
4294967279,74
4294967279,72
4294967279,71
4294967279,70
4294967279,67
4294967279,66
4294967279,64
4294967279,61
4294967279,59
4294967279,51
4294967279,50
4294967279,49
4294967279,48
4294967279,46
4294967279,43
4294967279,40
4294967279,39
4294967279,38
4294967279,37
4294967279,36
4294967279,34
4294967279,28
4294967279,27
4294967279,26
4294967279,20
4294967279,19
4294967279,18
4294967279,17
4294967279,16
4294967279,15
4294967279,9
4294967279,171
4294967279,58
4294967278,57
4294967278,313
4294967279,169
4294967279,56
4294967279,312
4294967278,46
4294967278,55
4294967278,330
4294967279,55
4294967279,296
4294967278,54
4294967278,166
4294967278,358
4294967279,522
4294967278,165
4294967279,165
4294967278,52
4294967278,164
4294967278,312
4294967279,52
4294967279,164
4294967279,294
4294967278,163
4294967279,162
4294967278,161
4294967279,161
125,6
125,5
4294967279,160
125,4
125,3
125,2
125,1
4294967279,159
4294967279,330
4294967279,45
4294967279,44
4294967279,291
4294967279,42
4294967279,153
4294967279,152
4294967279,150
4294967279,149
4294967279,148
4294967279,33
4294967279,146
4294967279,145
4294967279,30
4294967294,392
4294967279,31
4294967279,575
4294967279,286
122,5
4294967279,140
4294967279,139
122,4
122,3
122,2
122,1
4294967279,272
4294967279,25
4294967279,283
4294967279,24
4294967279,305
4294967279,23
4294967279,133
4294967279,21
4294967279,268
4294967279,282
4294967279,279
121,6
121,5
4294967279,280
121,4
121,3
121,2
121,1
4294967279,277
4294967279,14
4294967279,302
4294967279,263
4294967279,262
4294967294,472
4294967279,11
4294967279,261
4294967279,273
4294967279,275
4294967279,257
4294967279,256
4294967279,255
4294967294,386
4294967279,253
4294967278,258
4294967278,257
4294967278,350
4294967278,256
4294967279,329
4294967278,347
4294967278,346
4294967278,367
4294967278,345
4294967278,366
4294967278,254
4294967278,343
4294967278,253
118,6
118,5
4294967278,250
118,4
118,3
118,2
118,1
4294967278,248
4294967278,245
4294967278,242
4294967278,243
4294967278,240
4294967294,389
4294967294,114
4294967294,115
4294967278,238
4294967278,239
4294967279,328
4294967278,237
4294967278,234
4294967278,232
4294967278,230
4294967278,226
4294967278,224
4294967278,223
4294967294,972
4294967278,222
4294967294,966
4294967278,219
4294967278,216
4294967278,217
4294967279,327
4294967278,214
4294967294,38
4294967294,1416
4294967294,45
4294967294,44
4294967294,29
4294967294,36
4294967278,213
4294967278,212
4294967278,210
4294967278,207
115,6
4294967278,209
115,5
115,4
4294967278,208
115,3
115,2
115,1
4294967278,375
4294967294,40
4294967278,132
4294967278,131
4294967278,130
4294967278,129
4294967278,128
4294967278,127
4294967278,126
4294967278,125
4294967278,124
4294967278,123
4294967278,122
4294967278,121
4294967278,120
4294967278,119
4294967278,118
4294967278,117
4294967278,116
4294967278,115
4294967278,114
4294967278,113
4294967278,112
4294967278,111
4294967278,110
4294967278,109
4294967278,108
4294967278,107
4294967278,106
4294967294,76
4294967278,105
4294967294,41
4294967278,104
4294967278,103
4294967278,102
4294967278,101
4294967278,100
4294967278,99
4294967278,98
4294967294,423
4294967294,43
4294967278,97
4294967278,96
